# y0_(Sr3)	y0_(Va3)	y1_(Va3)	y2_(Va-2)	T   H
0.0	1.0	0.0	0.0	0	-2.101423451585884
1.0	0.0	0.0	1.0	0	0.5579313560210739
0.0	0.0	1.0	1.0	0	0.6845211432418106
0.0	1.0	0.0	1.0	0	2.1497104103321423
1.0	0.0	1.0	0.0	0	-0.8675084702722309
0.0	1.0	1.0	0.0	0	6.137854076963976
0.0	0.0	0.0	0.0	0	-14.779197458858139
1.0	0.0	0.0	0.0	0	-12.317825169149398
0.0	0.0	0.0	1.0	0	-0.11405054391453895
1.0	0.0	1.0	1.0	0	0.027875862267937146
0.0	0.0	1.0	0.0	0	-5.995525041758189
0.0	1.0	0.0	0.0	300	1.2450309639697446
1.0	0.0	0.0	1.0	300	0.5668808584661584
0.0	0.0	1.0	1.0	300	0.6845211432418106
0.0	1.0	0.0	1.0	300	2.1497104103321423
1.0	0.0	1.0	0.0	300	2.682431167427734
0.0	1.0	1.0	0.0	300	6.137854076963976
0.0	0.0	0.0	0.0	300	-11.404042905765497
1.0	0.0	0.0	0.0	300	-8.896332102249014
0.0	0.0	0.0	1.0	300	-0.01325957053115634
1.0	0.0	1.0	1.0	300	0.027875862267937146
0.0	0.0	1.0	0.0	300	-2.4628630211881157
0.0	1.0	0.0	0.0	400	2.438033463348151
1.0	0.0	0.0	1.0	400	0.6206268114804732
0.0	0.0	1.0	1.0	400	0.6845211432418106
0.0	1.0	0.0	1.0	400	2.1497104103321423
1.0	0.0	1.0	0.0	400	3.9432869485203774
0.0	1.0	1.0	0.0	400	6.137854076963976
0.0	0.0	0.0	0.0	400	-10.176014914295317
1.0	0.0	0.0	0.0	400	-7.652922889156324
0.0	0.0	0.0	1.0	400	0.07116515577600768
1.0	0.0	1.0	1.0	400	0.027875862267937146
0.0	0.0	1.0	0.0	400	-1.2077014961586938
0.0	1.0	0.0	0.0	500	3.5211744327702683
1.0	0.0	0.0	1.0	500	0.6397487829544874
0.0	0.0	1.0	1.0	500	0.6845211432418106
0.0	1.0	0.0	1.0	500	2.1497104103321423
1.0	0.0	1.0	0.0	500	5.093584718338399
0.0	1.0	1.0	0.0	500	6.137854076963976
0.0	0.0	0.0	0.0	500	-9.07591081925764
1.0	0.0	0.0	0.0	500	-6.537035437449223
0.0	0.0	0.0	1.0	500	0.12056376549597259
1.0	0.0	1.0	1.0	500	0.027875862267937146
0.0	0.0	1.0	0.0	500	-0.0635001174507881
0.0	1.0	0.0	0.0	600	4.550223008875637
1.0	0.0	0.0	1.0	600	0.6489909566922432
0.0	0.0	1.0	1.0	600	0.6845211432418106
0.0	1.0	0.0	1.0	600	2.1497104103321423
1.0	0.0	1.0	0.0	600	6.188558815366176
0.0	1.0	1.0	0.0	600	6.137854076963976
0.0	0.0	0.0	0.0	600	-8.035060812538934
1.0	0.0	0.0	0.0	600	-5.48079591766376
0.0	0.0	0.0	1.0	600	0.16047642108231197
1.0	0.0	1.0	1.0	600	0.027875862267937146
0.0	0.0	1.0	0.0	600	1.0257714320695168
0.0	1.0	0.0	0.0	700	5.553162633146773
1.0	0.0	0.0	1.0	700	0.6602255529945114
0.0	0.0	1.0	1.0	700	0.6845211432418106
0.0	1.0	0.0	1.0	700	2.1497104103321423
1.0	0.0	1.0	0.0	700	7.255997832145981
0.0	1.0	1.0	0.0	700	6.137854076963976
0.0	0.0	0.0	0.0	700	-7.020003444802006
1.0	0.0	0.0	0.0	700	-4.450382202637127
0.0	0.0	0.0	1.0	700	0.20241466501022343
1.0	0.0	1.0	1.0	700	0.027875862267937146
0.0	0.0	1.0	0.0	700	2.0875410671189027
0.0	1.0	0.0	0.0	800	6.545592304813997
1.0	0.0	0.0	1.0	800	0.6797730851055104
0.0	0.0	1.0	1.0	800	0.6845211432418106
0.0	1.0	0.0	1.0	800	2.1497104103321423
1.0	0.0	1.0	0.0	800	8.311405416299072
0.0	1.0	1.0	0.0	800	6.137854076963976
0.0	0.0	0.0	0.0	800	-6.0131630638634075
1.0	0.0	0.0	0.0	800	-3.427082712321453
0.0	0.0	0.0	1.0	800	0.2515630826595001
1.0	0.0	1.0	1.0	800	0.027875862267937146
0.0	0.0	1.0	0.0	800	3.1361765074542056
0.0	1.0	0.0	0.0	900	7.536809200162441
1.0	0.0	0.0	1.0	900	0.7142099019596437
0.0	0.0	1.0	1.0	900	0.6845211432418106
0.0	1.0	0.0	1.0	900	2.1497104103321423
1.0	0.0	1.0	0.0	900	9.367051226879925
0.0	1.0	1.0	0.0	900	6.137854076963976
0.0	0.0	0.0	0.0	900	-5.003216691360305
1.0	0.0	0.0	0.0	900	-2.3968258545797134
0.0	0.0	0.0	1.0	900	0.3117494091903783
1.0	0.0	1.0	1.0	900	0.027875862267937146
0.0	0.0	1.0	0.0	900	4.181198798355735
0.0	1.0	0.0	0.0	1000	8.534504745097781
1.0	0.0	0.0	1.0	1000	0.7640941588583003
0.0	0.0	1.0	1.0	1000	0.6845211432418106
0.0	1.0	0.0	1.0	1000	2.1497104103321423
1.0	0.0	1.0	0.0	1000	10.425274562520539
0.0	1.0	1.0	0.0	1000	6.137854076963976
0.0	0.0	0.0	0.0	1000	-3.981196777563301
1.0	0.0	0.0	0.0	1000	-1.3543171894923898
0.0	0.0	0.0	1.0	1000	0.3872049097140593
1.0	0.0	1.0	1.0	1000	0.027875862267937146
0.0	0.0	1.0	0.0	1000	5.2286203482653075
0.0	1.0	0.0	0.0	1100	9.547932575130563
1.0	0.0	0.0	1.0	1100	0.8503267057897435
0.0	0.0	1.0	1.0	1100	0.6845211432418106
0.0	1.0	0.0	1.0	1100	2.1497104103321423
1.0	0.0	1.0	0.0	1100	11.503873392047534
0.0	1.0	1.0	0.0	1100	6.137854076963976
0.0	0.0	0.0	0.0	1100	-2.937006973010913
1.0	0.0	0.0	0.0	1100	-0.2755804898967664
0.0	0.0	0.0	1.0	1100	0.48495055651761465
1.0	0.0	1.0	1.0	1100	0.027875862267937146
0.0	0.0	1.0	0.0	1100	6.28235924830835
0.0	1.0	0.0	0.0	1200	10.571705472999675
1.0	0.0	0.0	1.0	1200	0.9680519400310725
0.0	0.0	1.0	1.0	1200	0.6845211432418106
0.0	1.0	0.0	1.0	1200	2.1497104103321423
1.0	0.0	1.0	0.0	1200	12.607555331593575
0.0	1.0	1.0	0.0	1200	6.137854076963976
0.0	0.0	0.0	0.0	1200	-1.8661059715084058
1.0	0.0	0.0	0.0	1200	0.8366166422814802
0.0	0.0	0.0	1.0	1200	0.6074396549985703
1.0	0.0	1.0	1.0	1200	0.027875862267937146
0.0	0.0	1.0	0.0	1200	7.354432022737963
0.0	1.0	0.0	0.0	1300	11.60713417764956
1.0	0.0	0.0	1.0	1300	1.1026586092998256
0.0	0.0	1.0	1.0	1300	0.6845211432418106
0.0	1.0	0.0	1.0	1300	2.1497104103321423
1.0	0.0	1.0	0.0	1300	13.723216444246761
0.0	1.0	1.0	0.0	1300	6.137854076963976
0.0	0.0	0.0	0.0	1300	-0.7521121250397838
1.0	0.0	0.0	0.0	1300	1.9690719819174052
0.0	0.0	0.0	1.0	1300	0.7696448260153721
1.0	0.0	1.0	1.0	1300	0.027875862267937146
0.0	0.0	1.0	0.0	1300	8.461318607783134
0.0	1.0	0.0	0.0	1400	12.657650335039254
1.0	0.0	0.0	1.0	1400	1.2563154567185557
0.0	0.0	1.0	1.0	1400	0.6845211432418106
0.0	1.0	0.0	1.0	1400	2.1497104103321423
1.0	0.0	1.0	0.0	1400	14.851510742137041
0.0	1.0	1.0	0.0	1400	6.137854076963976
0.0	0.0	0.0	0.0	1400	0.38362127780552635
1.0	0.0	0.0	0.0	1400	3.124912729616785
0.0	0.0	0.0	1.0	1400	0.9492543234953641
1.0	0.0	1.0	1.0	1400	0.027875862267937146
0.0	0.0	1.0	0.0	1400	9.579192526378602
0.0	1.0	0.0	0.0	1500	13.73110410664085
1.0	0.0	0.0	1.0	1500	1.4358972443209201
0.0	0.0	1.0	1.0	1500	0.6845211432418106
0.0	1.0	0.0	1.0	1500	2.1497104103321423
1.0	0.0	1.0	0.0	1500	15.992809504008614
0.0	1.0	1.0	0.0	1500	6.137854076963976
0.0	0.0	0.0	0.0	1500	1.5487625640942575
1.0	0.0	0.0	0.0	1500	4.311686986504572
0.0	0.0	0.0	1.0	1500	1.1532631354140483
1.0	0.0	1.0	1.0	1500	0.027875862267937146
0.0	0.0	1.0	0.0	1500	10.70854528321044
0.0	1.0	0.0	0.0	1600	14.846810694026662
1.0	0.0	0.0	1.0	1600	1.6599427461324314
0.0	0.0	1.0	1.0	1600	0.6845211432418106
0.0	1.0	0.0	1.0	1600	2.1497104103321423
1.0	0.0	1.0	0.0	1600	17.147278840901585
0.0	1.0	1.0	0.0	1600	6.137854076963976
0.0	0.0	0.0	0.0	1600	2.762417128754519
1.0	0.0	0.0	0.0	1600	5.5484047958997245
0.0	0.0	0.0	1.0	1600	1.400305387406009
1.0	0.0	1.0	1.0	1600	0.027875862267937146
0.0	0.0	1.0	0.0	1600	11.849638340927793
0.0	1.0	0.0	0.0	1700	15.983678871917778
1.0	0.0	0.0	1.0	1700	1.9478695562297075
0.0	0.0	1.0	1.0	1700	0.6845211432418106
0.0	1.0	0.0	1.0	1700	2.1497104103321423
1.0	0.0	1.0	0.0	1700	18.35608383680792
0.0	1.0	1.0	0.0	1700	6.137854076963976
0.0	0.0	0.0	0.0	1700	4.0032963405089355
1.0	0.0	0.0	0.0	1700	6.85481188419711
0.0	0.0	0.0	1.0	1700	1.6687643158756833
1.0	0.0	1.0	1.0	1700	0.027875862267937146
0.0	0.0	1.0	0.0	1700	13.002602425850466
0.0	1.0	0.0	0.0	1800	17.135279601253504
1.0	0.0	0.0	1.0	1800	2.5445794425882395
0.0	0.0	1.0	1.0	1800	0.6845211432418106
0.0	1.0	0.0	1.0	1800	2.1497104103321423
1.0	0.0	1.0	0.0	1800	19.870970298497898
0.0	1.0	1.0	0.0	1800	6.137854076963976
0.0	0.0	0.0	0.0	1800	5.264768782119486
1.0	0.0	0.0	0.0	1800	8.476017519239253
0.0	0.0	0.0	1.0	1800	1.951801003717974
1.0	0.0	1.0	1.0	1800	0.027875862267937146
0.0	0.0	1.0	0.0	1800	14.167442659668136
0.0	1.0	0.0	0.0	1900	18.301428262818227
1.0	0.0	0.0	1.0	1900	3.1522229312741477
0.0	0.0	1.0	1.0	1900	0.6845211432418106
0.0	1.0	0.0	1.0	1900	2.1497104103321423
1.0	0.0	1.0	0.0	1900	21.394596535708562
0.0	1.0	1.0	0.0	1900	6.137854076963976
0.0	0.0	0.0	0.0	1900	6.5464570246461555
1.0	0.0	0.0	0.0	1900	10.114333809319909
0.0	0.0	0.0	1.0	1900	2.248876439765242
1.0	0.0	1.0	1.0	1900	0.027875862267937146
0.0	0.0	1.0	0.0	1900	15.344127814884095
0.0	0.0625	0.0	0.0	0	-14.320851616628662
0.0	0.0	0.0625	0.0	0	-14.564675677384304
0.0	0.0	0.0	0.02083333333333337	0	-14.52890301142605
0.0625	0.0	0.0	0.0	0	-14.67624649377984
0.0	0.0	0.0625	0.02083333333333337	0	-14.368428593009302
0.0625	0.0	0.0	0.02083333333333337	0	-14.441144910029845
0.0	0.0625	0.0	0.02083333333333337	0	-14.121453549128663
0.0	0.0625	0.0	0.0	300	-10.934338730512454
0.0	0.0	0.0625	0.0	300	-11.159356571401721
0.0	0.0	0.0	0.02083333333333337	300	-11.185339547680986
0.0625	0.0	0.0	0.0	300	-11.366311763521228
0.0	0.0	0.0625	0.02083333333333337	300	-11.03495388795549
0.0625	0.0	0.0	0.02083333333333337	300	-11.201678305561336
0.0	0.0625	0.0	0.02083333333333337	300	-10.80679193990233
0.0	0.0625	0.0	0.0	400	-9.70411580175812
0.0	0.0	0.0625	0.0	400	-9.922859288693207
0.0	0.0	0.0	0.02083333333333337	400	-9.968928351380665
0.0625	0.0	0.0	0.0	400	-10.160027772348629
0.0	0.0	0.0625	0.02083333333333337	400	-9.823491170943933
0.0625	0.0	0.0	0.02083333333333337	400	-10.019970121706121
0.0	0.0625	0.0	0.02083333333333337	400	-9.601605868831992
0.0	0.0625	0.0	0.0	500	-8.60068787153153
0.0	0.0	0.0625	0.0	500	-8.813225668035262
0.0	0.0	0.0	0.02083333333333337	500	-8.878505681099417
0.0625	0.0	0.0	0.0	500	-9.081642544168117
0.0	0.0	0.0625	0.02083333333333337	500	-8.736956745569502
0.0625	0.0	0.0	0.02083333333333337	500	-8.964225330429539
0.0	0.0625	0.0	0.02083333333333337	500	-8.521279425875928
0.0	0.0625	0.0	0.0	600	-7.5561914236862755
0.0	0.0	0.0625	0.0	600	-7.762575869500597
0.0	0.0	0.0	0.02083333333333337	600	-7.846300263008286
0.0625	0.0	0.0	0.0	600	-8.062536019531738
0.0	0.0	0.0625	0.02083333333333337	600	-7.7083693061894705
0.0625	0.0	0.0	0.02083333333333337	600	-7.9667224065682625
0.0	0.0625	0.0	0.02083333333333337	600	-7.498847629172364
0.0	0.0625	0.0	0.0	700	-6.53750738437609
0.0	0.0	0.0625	0.0	700	-6.7378255396657885
0.0	0.0	0.0	0.02083333333333337	700	-6.8393079374963826
0.0625	0.0	0.0	0.0	700	-7.069224206738223
0.0	0.0	0.0625	0.02083333333333337	700	-6.705101789106729
0.0625	0.0	0.0	0.02083333333333337	700	-6.994434648147246
0.0	0.0625	0.0	0.02083333333333337	700	-6.501648694601283
0.0	0.0625	0.0	0.0	800	-5.527183642227077
0.0	0.0	0.0625	0.0	800	-5.721599522124013
0.0	0.0	0.0	0.02083333333333337	800	-5.840211199605301
0.0625	0.0	0.0	0.0	800	-6.084060458112559
0.0	0.0	0.0625	0.02083333333333337	800	-5.7100371851395595
0.0625	0.0	0.0	0.02083333333333337	800	-6.029973554716614
0.0	0.0625	0.0	0.02083333333333337	800	-5.512488658013895
0.0	0.0625	0.0	0.0	900	-4.51402383150624
0.0	0.0	0.0625	0.0	900	-4.702687459330111
0.0	0.0	0.0	0.02083333333333337	900	-4.8378432218722445
0.0625	0.0	0.0	0.0	900	-5.095550006931025
0.0	0.0	0.0625	0.02083333333333337	900	-4.712121287642818
0.0625	0.0	0.0	0.02083333333333337	900	-5.062000510452645
0.0	0.0625	0.0	0.02083333333333337	900	-4.520327304577232
0.0	0.0625	0.0	0.0	1000	-3.489140160223233
0.0	0.0	0.0625	0.0	1000	-3.672306497885233
0.0	0.0	0.0	0.02083333333333337	1000	-3.8233351271640887
0.0625	0.0	0.0	0.0	1000	-4.094954872827396
0.0	0.0	0.0625	0.02083333333333337	1000	-3.702669915813826
0.0625	0.0	0.0	0.02083333333333337	1000	-4.081876207585372
0.0	0.0625	0.0	0.02083333333333337	1000	-3.516375514897167
0.0	0.0625	0.0	0.0	1100	-2.4424889485384287
0.0	0.0	0.0625	0.0	1100	-2.6207464294737877
0.0	0.0	0.0	0.02083333333333337	1100	-2.7866546363771323
0.0625	0.0	0.0	0.0	1100	-3.071311213983794
0.0	0.0	0.0625	0.02083333333333337	1100	-2.672036931694895
0.0625	0.0	0.0	0.02083333333333337	1100	-3.0787008746547033
0.0	0.0625	0.0	0.02083333333333337	1100	-2.4906536794918894
0.0	0.0625	0.0	0.0	1200	-1.3701494229731042
0.0	0.0	0.0625	0.0	1200	-1.542998746772458
0.0	0.0	0.0	0.02083333333333337	1200	-1.7233039433332022
0.0625	0.0	0.0	0.0	1200	-2.0205345309630314
0.0	0.0	0.0625	0.02083333333333337	1200	-1.6152573279792177
0.0625	0.0	0.0	0.02083333333333337	1200	-2.0484335122400625
0.0	0.0625	0.0	0.02083333333333337	1200	-1.4392845248992816
0.0	0.0625	0.0	0.0	1300	-0.25668186732827314
0.0	0.0	0.0625	0.0	1300	-0.4226756587519236
0.0	0.0	0.0	0.02083333333333337	1300	-0.6169307547488034
0.0625	0.0	0.0	0.0	1300	-0.9280921678204628
0.0	0.0	0.0625	0.02083333333333337	1300	-0.515972668369987
0.0625	0.0	0.0	0.02083333333333337	1300	-0.9765708191292317
0.0	0.0625	0.0	0.02083333333333337	1300	-0.3468576896527771
0.0	0.0625	0.0	0.0	1400	0.8781094882158946
0.0	0.0	0.0625	0.0	1400	0.7187149717186081
0.0	0.0	0.0	0.02083333333333337	1400	0.5110916729223662
0.0625	0.0	0.0	0.0	1400	0.1861926174291897
0.0	0.0	0.0625	0.02083333333333337	1400	0.6042892163993678
0.0625	0.0	0.0	0.02083333333333337	1400	0.11704397879882977
0.0	0.0625	0.0	0.02083333333333337	1400	0.7668026282032034
0.0	0.0625	0.0	0.0	1500	2.0419043353766044
0.0	0.0	0.0625	0.0	1500	1.8883929203071874
0.0	0.0	0.0	0.02083333333333337	1500	1.6684176388494363
0.0625	0.0	0.0	0.0	1500	1.3299806377313832
0.0	0.0	0.0625	0.02083333333333337	1500	1.7527340740991706
0.0625	0.0	0.0	0.02083333333333337	1500	1.2400576665917997
0.0	0.0625	0.0	0.02083333333333337	1500	1.9093620924880907
0.0	0.0625	0.0	0.0	1600	3.2538211819970657
0.0	0.0	0.0625	0.0	1600	3.1042858361743813
0.0	0.0	0.0	0.02083333333333337	1600	2.8741427198501306
0.0625	0.0	0.0	0.0	1600	2.5223713285385587
0.0	0.0	0.0625	0.02083333333333337	1600	2.9472797357797402
0.0625	0.0	0.0	0.02083333333333337	1600	2.4115598615919147
0.0	0.0625	0.0	0.02083333333333337	1600	3.099929392934886
0.0	0.0625	0.0	0.0	1700	4.49258373467492
0.0	0.0	0.0625	0.0	1700	4.346443797892686
0.0	0.0	0.0	0.02083333333333337	1700	4.106971448557124
0.0625	0.0	0.0	0.0	1700	3.7446407059279325
0.0	0.0	0.0625	0.02083333333333337	1700	4.167969443923537
0.0625	0.0	0.0	0.02083333333333337	1700	3.6128197437863507
0.0	0.0625	0.0	0.02083333333333337	1700	4.317221400051229
0.0	0.0625	0.0	0.0	1800	5.751573224808165
0.0	0.0	0.0625	0.0	1800	5.6086501719070405
0.0	0.0	0.0	0.02083333333333337	1800	5.360268084818506
0.0625	0.0	0.0	0.0	1800	5.005891145478931
0.0	0.0	0.0625	0.02083333333333337	1800	5.408582242061687
0.0625	0.0	0.0	0.02083333333333337	1800	4.852935365840697
0.0	0.0625	0.0	0.02083333333333337	1800	5.554615022321199
0.0	0.0625	0.0	0.0	1900	7.030424274064597
0.0	0.0	0.0625	0.0	1900	6.890549166867654
0.0	0.0	0.0	0.02083333333333337	1900	6.633651833397873
0.0625	0.0	0.0	0.0	1900	6.287163314328725
0.0	0.0	0.0625	0.02083333333333337	1900	6.668758972547916
0.0625	0.0	0.0	0.02083333333333337	1900	6.112944028595681
0.0	0.0625	0.0	0.02083333333333337	1900	6.811741515116228
0	1	1	1	0	0.0006227021460541075
0	1	1	1	100	0.0006227021460541075
0	1	1	1	200	0.0006227021460541075
0	1	1	1	300	0.0006227021460541075
0	1	1	1	400	0.0006227021460541075
0	1	1	1	500	0.0006227021460541075
0	1	1	1	600	0.0006227021460541075
0	1	1	1	700	0.0006227021460541075
0	1	1	1	800	0.0006227021460541075
0	1	1	1	900	0.0006227021460541075
0	1	1	1	1000	0.0006227021460541075
0	1	1	1	1100	0.0006227021460541075
0	1	1	1	1200	0.0006227021460541075
0	1	1	1	1300	0.0006227021460541075
0	1	1	1	1400	0.0006227021460541075
0	1	1	1	1500	0.0006227021460541075
0	1	1	1	1600	0.0006227021460541075
0	1	1	1	1700	0.0006227021460541075
0	1	1	1	1800	0.0006227021460541075
0	1	1	1	1900	0.0006227021460541075
