# 0.4
#pO2[atm]       3-delta Temp[K]
9.67928E-05	2.969346	1573
0.000201622	2.976208	1573
0.000422005	2.981527	1573
0.000698927	2.984746	1573
0.000880134	2.98606	1573
0.002337357	2.990305	1573
0.010107576	2.994057	1573
0.016263799	2.993457	1573
0.043914809	2.996313	1573
0.000202126	2.961427	1623
0.000330171	2.96701	1623
0.000544569	2.971985	1623
0.000747841	2.974778	1623
0.000884533	2.976323	1623
0.002310628	2.984698	1623
0.006173266	2.989217	1623
0.016508249	2.992582	1623
0.043905204	2.994494	1623
0.000240767	2.945948	1673
0.000330008	2.950741	1673
0.000464947	2.95537	1673
0.000637425	2.95929	1673
0.000793177	2.962183	1673
0.000882293	2.963283	1673
0.002321384	2.975399	1673
0.004825174	2.98087	1673
0.010075231	2.985361	1673
0.021113246	2.988782	1673
0.04405153	2.991444	1673
0.002321026	2.96258	1723
0.003803295	2.967854	1723
0.006181189	2.972779	1723
0.010064797	2.976974	1723
0.016294161	2.980672	1723
0.026955165	2.983856	1723
0.043820164	2.986303	1723
0.002324626	2.946214	1773
0.003213631	2.951148	1773
0.004441739	2.955363	1773
0.00622868	2.959678	1773
0.008521479	2.963794	1773
0.011817238	2.967571	1773
0.016289209	2.970584	1773
0.022902295	2.973674	1773
0.031760915	2.976514	1773
0.043697843	2.978962	1773
