# 0.2
#pO2[atm]	3-delta	Temp[K]
7.41310E-01	3.00903	1273
2.63027E-01	3.00814	1273
8.31764E-02	3.0046	1273
2.63027E-02	3.00324	1273
8.31764E-03	3.00226	1273
7.41310E-01	3.0035	1473
2.63027E-01	3.00206	1473
8.31764E-02	3.00083	1473
2.63027E-02	3.00042	1473
8.31764E-03	3.0002	1473
8.12831E-04	2.99942	1473
7.41310E-05	2.99877	1473
2.57040E-05	2.99792	1473
6.91831E-06	2.99604	1473
7.41310E-01	3.00249	1523
2.63027E-01	3.00124	1523
8.31764E-02	3.00057	1523
2.63027E-02	3.00042	1523
8.31764E-03	3.00035	1523
8.12831E-04	2.99884	1523
2.29087E-04	2.99832	1523
7.41310E-05	2.9976	1523
2.57040E-05	2.99636	1523
6.91831E-06	2.99348	1523
7.41310E-01	3.00199	1573
2.63027E-01	3.00116	1573
8.31764E-02	3.00044	1573
2.63027E-02	3.00019	1573
8.31764E-03	2.99995	1573
8.12831E-04	2.99818	1573
2.29087E-04	2.9969	1573
7.41310E-05	2.99509	1573
2.57040E-05	2.99264	1573
7.41310E-01	3.00137	1623
2.63027E-01	3.00053	1623
8.31764E-02	3.0003	1623
2.63027E-02	2.99982	1623
8.31764E-03	2.99963	1623
8.12831E-04	2.99724	1623
2.29087E-04	2.99499	1623
7.41310E-05	2.9927	1623
2.57040E-05	2.98833	1623
7.41310E-01	3.00135	1673
2.63027E-01	3.0006	1673
8.31764E-02	3.00004	1673
2.63027E-02	2.99933	1673
8.31764E-03	2.99893	1673
8.12831E-04	2.99535	1673
2.29087E-04	2.99149	1673
7.41310E-05	2.98732	1673
7.41310E-01	3.00052	1723
2.63027E-01	2.99993	1723
8.31764E-02	2.99927	1723
2.63027E-02	2.9985	1723
8.31764E-03	2.9974	1723
8.12831E-04	2.99075	1723
2.29087E-04	2.98628	1723
