# 0.1
#pO2[atm]       3-delta Temp[K]
2.28686E-15	2.88676	1273
4.66144E-15	2.90815	1273
1.15096E-14	2.92592	1273
1.93673E-14	2.94369	1273
3.89395E-14	2.95935	1273
1.33561E-13	2.97291	1273
6.72187E-13	2.98285	1273
7.10559E-06	3.00634	1273
0.000101258	3.00634	1273
0.000707929	3.00423	1273
0.000707929	3.01417	1273
0.009951075	3.01628	1273
0.009951075	3.02411	1273
0.102086896	3.03195	1273
0.102086896	3.04189	1273
1.061695557	3.05755	1273
1.061695557	3.06327	1273
0.900803365	3.07894	1173
0.109320095	3.05665	1173
0.010656387	3.03797	1173
0.003327132	3.0327	1173
0.000956841	3.02683	1173
0.000409345	3.02246	1173
9.98803E-05	3.01824	1173
1.13193E-05	3.01222	1173
2.72942E-07	3.01402	1173
8.12737E-12	3.00454	1173
1.6628E-13	2.99264	1173
9.61457E-14	2.99429	1173
3.17673E-15	2.98481	1173
9.13587E-16	2.97456	1173
7.7514E-16	2.97456	1173
5.28263E-16	2.97291	1173
1.79056E-16	2.9592	1173
1.51922E-16	2.95318	1173
1.30674E-16	2.95318	1173
7.55597E-17	2.9455	1173
1.30674E-16	2.9336	1173
5.51442E-17	2.9336	1173
3.75803E-17	2.92411	1173
2.56112E-17	2.91387	1173
3.75803E-17	2.91387	1173
2.173E-17	2.90785	1173
1.047273224	3.09264	1073
0.128845721	3.07472	1073
0.010656387	3.05333	1073
0.001311082	3.04128	1073
0.00018753	3.02758	1073
8.9683E-06	2.99595	1073
1.83688E-15	2.99173	1073
3.05457E-16	2.99173	1073
5.9866E-17	2.99173	1073
5.83566E-18	2.97969	1073
9.70421E-19	2.96944	1073
3.28927E-19	2.95755	1073
2.79081E-19	2.95574	1073
1.38803E-19	2.94218	1073
8.13654E-20	2.92245	1073
3.99181E-20	2.91643	1073
3.99181E-20	2.90453	1073
1.047273224	3.11403	973
1.047273224	3.10966	973
0.08661438	3.09776	973
0.008443062	3.07638	973
0.008443062	3.07472	973
0.001038771	3.05921	973
0.001038771	3.05333	973
8.59132E-05	3.04897	973
1.05701E-05	3.03707	973
6.11195E-06	3.01914	973
4.22435E-21	2.98737	973
2.83975E-21	2.98571	973
1.21487E-21	2.98149	973
5.19733E-22	2.97381	973
3.00525E-22	2.972	973
1.73768E-22	2.96011	973
5.88993E-23	2.94474	973
3.40573E-23	2.92667	973
1.69387E-23	2.90709	973
1.047273224	3.11749	873
0.102086896	3.11749	873
0.009815897	3.11749	873
0.009815897	3.10198	873
0.001404009	3.09174	873
0.000956841	3.0815	873
0.000136861	3.07984	873
6.63529E-06	3.05665	873
5.62976E-06	3.04309	873
3.55517E-24	2.99776	873
8.79427E-25	2.99595	873
5.08511E-25	2.99173	873
1.46241E-25	2.98737	873
8.57255E-26	2.98315	873
6.25634E-26	2.97893	873
1.79924E-26	2.96688	873
7.69733E-27	2.95152	873
3.24818E-27	2.93179	873
1.3896E-27	2.91387	873
