# 0.3
#pO2[atm]       3-delta Temp[K]
4.14419E-13	2.87404	1273
2.06709E-12	2.89731	1273
9.76855E-12	2.923	1273
5.65288E-11	2.94492	1273
7.76372E-10	2.96441	1273
3.11954E-07	2.99388	1273
2.16611E-05	2.99993	1273
0.000109514	2.99993	1273
0.000876335	2.99993	1273
0.008703822	2.99993	1273
0.069648217	2.99993	1273
0.96954953	3.00597	1273
0.882104424	3.01413	1173
0.091245194	3.00778	1173
7.30348E-05	3.00053	1173
9.00451E-06	2.99872	1173
1.49448E-08	2.99328	1173
7.35648E-12	2.96517	1173
4.31549E-13	2.94341	1173
1.08845E-13	2.92164	1173
1.5569E-14	2.89807	1173
3.07943E-15	2.87449	1173
1.74639E-15	2.85288	1173
0.882104424	3.02048	1073
0.008703822	3.00778	1073
0.001244973	3.00416	1073
0.000178078	2.99781	1073
3.89897E-10	2.99146	1073
3.50066E-14	2.96154	1073
1.74639E-15	2.93978	1073
3.45422E-16	2.91802	1073
5.81005E-17	2.89444	1073
1.1648E-17	2.87087	1073
7.16325E-18	2.85107	1073
0.813448383	3.02592	973
0.098946401	3.02411	973
0.008703822	3.01776	973
0.001058717	3.01413	973
1.24515E-05	3.00506	973
4.3427E-06	3.00325	973
3.27167E-12	2.99328	973
4.20165E-17	2.96335	973
2.12456E-18	2.94341	973
4.55691E-19	2.92164	973
6.51808E-20	2.89626	973
1.39804E-20	2.87449	973
6.74233E-21	2.85288	973
0.116353647	3.0232	873
0.010235051	3.01957	873
0.001058717	3.01957	873
7.30348E-05	3.01776	873
4.3427E-06	3.00778	873
5.28238E-07	3.00597	873
1.13297E-07	3.00234	873
2.15288E-14	2.99237	873
2.09633E-20	2.96426	873
8.89344E-22	2.9425	873
1.2721E-22	2.92074	873
2.13969E-23	2.89535	873
3.06055E-24	2.87359	873
1.47601E-24	2.85198	873
