# 0.33
#pO2[atm]       3-delta Temp[K]
0.741310241	2.99943	1473
0.263026799	2.99926	1473
0.083176377	2.99911	1473
0.02630268	2.99881	1473
0.008317638	2.99847	1473
0.000812831	2.99682	1473
7.4131E-05	2.99389	1473
2.5704E-05	2.9901	1473
0.741310241	2.99893	1523
0.263026799	2.99883	1523
0.083176377	2.99847	1523
0.02630268	2.99817	1523
0.008317638	2.99762	1523
0.000812831	2.99525	1523
0.000229087	2.9937	1523
7.4131E-05	2.98965	1523
2.5704E-05	2.98406	1523
0.741310241	2.99857	1573
0.263026799	2.99835	1573
0.083176377	2.99792	1573
0.02630268	2.99735	1573
0.008317638	2.9964	1573
0.000812831	2.99264	1573
0.000229087	2.9884	1573
7.4131E-05	2.9821	1573
2.5704E-05	2.97355	1573
0.741310241	2.99808	1623
0.263026799	2.99779	1623
0.083176377	2.99669	1623
0.02630268	2.99555	1623
0.008317638	2.99382	1623
0.000812831	2.98689	1623
0.000229087	2.98026	1623
7.4131E-05	2.97015	1623
2.5704E-05	2.95806	1623
0.741310241	2.99727	1673
0.263026799	2.9966	1673
0.083176377	2.99503	1673
0.02630268	2.99295	1673
0.008317638	2.99016	1673
0.000812831	2.97927	1673
0.000229087	2.96866	1673
7.4131E-05	2.95472	1673
0.741310241	2.99613	1723
0.263026799	2.99476	1723
0.083176377	2.9924	1723
0.02630268	2.98886	1723
0.008317638	2.98364	1723
0.000812831	2.96803	1723
0.000229087	2.95307	1723
