# 0.5
#pO2[atm]       3-delta Temp[K]
0.987188301	3.0024	1273
0.008390155	2.99665	1273
8.40504E-05	2.99276	1273
7.13707E-06	2.98888	1273
2.35472E-07	2.96666	1273
3.36535E-08	2.94444	1273
9.28368E-09	2.92408	1273
3.97027E-09	2.90388	1273
1.30876E-09	2.88166	1273
6.68806E-10	2.86131	1273
2.39354E-10	2.84111	1273
1.20654E-10	2.82666	1273
1.02362E-10	2.82075	1273
4.37754E-11	2.79853	1273
2.63682E-11	2.80055	1273
1.32914E-11	2.77833	1273
4.38147E-12	2.75798	1273
2.63913E-12	2.75409	1273
1.58968E-12	2.73576	1273
0.987188301	3.00146	1173
0.009889401	2.99944	1173
0.000100436	2.99758	1173
8.4124E-06	2.99556	1173
1.99774E-07	2.99167	1173
4.74428E-09	2.97334	1173
6.68806E-10	2.95314	1173
1.87042E-10	2.93092	1173
7.89024E-11	2.9087	1173
2.63682E-11	2.89036	1173
1.1123E-11	2.86814	1173
3.71715E-12	2.84592	1173
1.58968E-12	2.82557	1173
5.68918E-13	2.80537	1173
1.59107E-13	2.78501	1173
4.44969E-14	2.7687	1173
8.70743E-14	2.76481	1173
2.43517E-14	2.74446	1173
0.909284944	3.0024	1073
8.40504E-05	2.99851	1073
6.05508E-06	2.99665	1073
1.69789E-09	2.99463	1073
4.75259E-11	2.97241	1073
6.69993E-12	2.95407	1073
1.87374E-12	2.92999	1073
6.17661E-13	2.90963	1073
2.03606E-13	2.88741	1073
8.70743E-14	2.86721	1073
3.72375E-14	2.84686	1073
1.2275E-14	2.82666	1073
5.24952E-15	2.8063	1073
1.73045E-15	2.78595	1073
4.10582E-16	2.76963	1073
4.83949E-16	2.76388	1073
1.14826E-16	2.75611	1073
1.35344E-16	2.74166	1073
0.826133056	3.00146	973
0.01073668	2.99851	973
8.4124E-06	2.99463	973
9.4367E-12	2.97629	973
1.59107E-13	2.95594	973
2.243E-14	2.93574	973
4.45369E-15	2.91352	973
1.90463E-15	2.89316	973
5.25412E-16	2.87094	973
2.68504E-16	2.85074	973
9.60926E-17	2.83039	973
4.10941E-17	2.80817	973
1.35463E-17	2.78983	973
4.4655E-18	2.76761	973
1.24885E-18	2.74741	973
1.24885E-18	2.74353	973
3.49261E-19	2.72705	973
0.116463544	2.99944	873
1.13063E-14	2.98111	873
1.90629E-16	2.95982	873
2.68739E-17	2.94149	873
7.51571E-18	2.91927	873
2.10189E-18	2.89907	873
5.79829E-19	2.87685	873
2.96313E-19	2.85649	873
1.06045E-19	2.83629	873
2.96572E-20	2.81407	873
1.26829E-20	2.79371	873
7.53564E-21	2.78983	873
3.85097E-21	2.77351	873
2.28802E-21	2.77351	873
9.01281E-22	2.75316	873
2.10931E-22	2.73094	873
